1
8
5
5
0.3963021
0.52123183
0.44386563
-0.23563883
-0.6330233
0.32722053
0.26572567
0.10771187
-0.0791569
-0.54707545
0.5992633
0.6394856
0.120224826
0.010344515
-0.22613837
0.6225597
0.34336257
0.4422286
-0.08676218
-0.41987997
0.27376238
0.45683274
0.14339738
-0.30232966
-0.60987514
0.31669936
0.23415849
-0.043819558
0.39586154
-0.14064623
0.40754193
0.29943654
0.1751142
0.6800601
-0.02628747
0.55914956
0.3567978
0.23375833
0.23133664
-0.16532397
0.33747116
0.62486845
0.6727185
0.69126064
-0.06898852
0.32473126
0.0008399472
0.30901292
0.07909699
0.12161562
-0.21365616
0.0047824876
-0.01748263
0.18619047
0.34142265
-0.16384928
0.0025700836
-0.008781757
0.08524032
0.30036983
-0.31520334
0.09282139
0.059212837
0.3321023
0.03133684
-0.120265804
-0.006836617
-0.030790051
0.34826425
-0.109606884
-0.10365367
0.012184726
0.22566527
0.23740269
-0.032563537
-0.016472444
-0.14489876
-0.14339332
-0.27808043
-0.17883559
0.06436291
0.30136463
-0.06764631
-0.23478295
-0.13431172
0.13492282
0.2530121
-0.090456866
-0.12456069
-0.056629237
0.5111304
0.45460036
0.07888117
-0.254076
-0.27676338
0.34792015
0.30083296
0.4787754
-0.01457985
-0.20016089
-0.25420836
-0.085033774
0.41382504
-0.10376191
0.08848415
-0.30846214
-0.009536334
0.45857188
0.15978934
-0.036262095
-0.13328055
0.23529164
0.35698387
0.056572795
-0.16474593
0.273915
0.48376915
0.46267226
0.4363401
-0.020747479
0.22240397
0.44566026
0.43394423
0.3626783
0.25121725
0.3140018
0.3803776
0.28204474
0.028427728
-0.22938733
0.5414162
0.18500887
0.04603809
-0.34146446
-0.42227876
0.64578944
0.51693845
0.005230754
-0.3143235
-0.51703393
0.36004543
0.46270648
-0.00017772561
-0.09848225
-0.5130159
0.4347931
0.42684883
0.16497278
-0.16548377
-0.44381395
0.43578628
0.6607374
0.6098275
0.32866263
-0.22412385
0.63017434
0.47223032
0.51477176
0.1651706
0.06785156
0.51518553
0.4324144
0.64992046
0.50458777
-0.06972591
0.2921241
0.21153893
0.57466835
0.23677388
0.13713904
-0.11488357
-0.18505049
0.09571238
-0.23196164
-0.48936957
-0.41122067
-0.3727972
-0.21973586
0.13690144
0.42556724
-0.3434783
-0.120005935
0.37088484
0.26514104
0.35698456
0.015260026
-0.07605448
0.41447917
0.15431628
0.34770498
-0.033891313
0.22793773
0.44425088
0.3259156
0.16561767
-0.053062003
0.34692538
0.16064404
0.24895552
0.42560875
