8
16
3
3
-0.2326313
-0.075040184
-0.029319158
-0.082969464
0.12332071
0.054179326
0.16837867
0.060246196
-0.03517643
0.38501635
0.21024632
-0.22508672
0.29706454
0.20121501
-0.54417574
0.23331334
0.15396689
-0.50598294
-0.19633047
-0.30442727
0.05415696
0.38897556
0.15786478
0.05040873
0.38202837
0.1152391
-0.25283268
-0.021948468
-0.26326874
0.32160434
0.07082952
-0.2766762
0.122376665
0.067282
-0.27535242
0.27356723
0.14457294
-0.26273602
0.06836185
-0.061337102
-0.27487487
0.16501436
-0.13153763
-0.115016
0.1475567
-0.3522758
0.17209996
0.19085908
-0.2489022
0.4144074
0.049834535
-0.18782946
0.30305517
0.11940892
-0.39553794
0.27779666
0.13799645
-0.33773306
0.30250886
0.31502128
-0.32751346
0.14826706
0.15883741
0.2746719
0.30176845
-0.19715825
0.22341947
0.20897359
-0.3603375
0.12749314
0.13458358
-0.39107484
-0.023797374
-0.46171132
0.41245025
-0.32082552
-0.58023435
0.4089939
-0.07835727
-0.5172807
-0.0490538
0.21103506
0.026043203
-0.23179764
0.13746594
0.08113901
-0.0036456874
-0.22576404
-0.0038494696
0.26010004
0.30758256
0.18532637
0.06378978
0.24430041
0.017787697
0.009043676
0.11143176
-0.2519286
-0.010528731
-0.30538097
-0.51441234
-0.474145
-0.14050588
0.04749621
-0.028796671
0.12678593
0.5295015
0.103860535
-0.06684968
-0.10703971
-0.1839946
-0.02200798
-0.081883386
-0.023507403
0.11307291
-0.08922408
-0.027333668
0.012525177
-0.27884275
-0.3090991
0.26396325
0.08848589
0.07349817
0.26964957
0.06896442
0.1565998
0.1989966
-0.046861913
0.3239118
-0.0729569
-0.3129346
-0.22945198
-0.096678756
-0.24487853
-0.6087673
-0.08750207
-0.07440353
-0.022903178
0.010817857
-0.061170213
-0.098590754
-0.11487192
-0.0042641866
0.05375769
0.07399792
-0.029069072
0.1075912
-0.049277652
-0.0005426802
0.053748827
0.050503526
0.12129948
-0.0775883
0.08557269
0.058757473
-0.070604876
0.19061725
-0.056659475
-0.16184813
-0.034106843
-0.064012125
-0.13413323
-0.030574333
-0.06969443
0.023933105
0.34257194
0.22859791
-0.08580491
0.2404218
-0.027949339
-0.18778004
0.21705216
0.14968495
0.28553486
0.07372505
0.043953307
0.18121512
0.010533044
-0.21552968
-0.00877134
-0.011855342
0.12559281
0.052699577
0.12918966
-0.05619525
0.0101835355
0.04865524
0.029191982
0.044982333
-0.08992154
0.052572142
-0.021975208
0.11176441
0.14625548
-0.004069235
-0.05697733
0.186062
-0.04768503
-0.15394369
0.18146637
0.075466976
-0.20497473
0.1601669
0.06806755
-0.30058077
0.03696774
-0.004627962
0.16747904
0.30360532
-0.18346043
0.2532178
0.15986636
-0.48132813
0.05869224
-0.0021718626
-0.17252691
-0.12984
0.15081663
0.3542745
-0.19070739
-0.088105276
0.1005007
-0.25456274
-0.20034887
-0.097152725
0.17609
-0.11798621
0.049802653
0.318168
0.11528082
0.15433985
-0.10736621
0.03267383
0.15059297
0.04510117
0.0054360456
0.039675247
-0.05696657
-0.0015865377
0.19075207
-0.424105
-0.25560054
0.033443734
-0.3791113
-0.31602263
-0.09517558
0.08560316
-0.15414524
-0.039981723
0.45644403
0.21250111
-0.03689881
-0.013319007
0.015250744
-0.010033209
0.009348939
-0.1155534
0.082467675
0.17081611
0.111301154
0.12028767
-0.012430622
-0.1606124
-0.0924362
0.29748726
0.18349297
0.08326535
0.15698367
0.26964414
0.21477343
0.26772934
0.22283998
0.33442035
-0.052393716
-0.25742856
-0.107808635
0.17533834
-0.3694409
-0.40635592
-0.08864771
-0.10835247
-0.016542416
-0.09856639
-0.02494762
-0.09451915
-0.059264287
-0.07400367
0.020302244
-0.04155582
-0.01569958
-0.046146836
-0.024289075
-0.081278965
-0.021218484
-0.0043790806
-0.22587037
0.026380418
0.0241458
0.08066537
0.14861354
0.09157813
0.018631881
0.22378497
0.087420225
-0.040171772
0.2892551
0.1513405
0.20530528
0.038421243
0.037808865
-0.03228291
0.05790408
-0.08477042
-0.20174348
-0.07605977
-0.039757855
0.11857513
0.15796004
0.13231261
-0.027588233
-0.050779004
-0.0001261897
-0.008182992
0.14703766
0.14347321
0.095736176
0.19200444
0.19093503
0.15134963
0.19377586
0.04109154
0.23878056
0.23029007
-0.026114384
0.0716585
-0.24175423
0.14660007
0.12660865
-0.11802919
0.06267429
0.0065191425
-0.3111994
0.17377853
0.15635574
-0.22977702
0.14851967
0.15123373
-0.2569565
0.086731344
0.0359079
-0.2771192
0.2506148
-0.11915796
-0.15171057
0.098747514
-0.039350078
0.034677815
0.18171619
-0.005886695
-0.11474959
-0.029208891
0.2280528
0.3637668
0.045075428
0.40853617
0.18516438
0.05170547
0.14465746
0.17566915
-0.2086506
-0.25515354
-0.014567577
-0.2506198
-0.084436946
-0.04515023
-0.12673621
-0.032633718
-0.14846519
-0.02815341
-0.11193177
0.28320712
-0.15946978
-0.024821782
0.37753364
-0.18370979
0.058319148
0.34886274
0.068987615
0.21687977
0.25126475
-0.010704
0.20802465
0.15538765
0.15077385
0.042071663
0.031057207
0.042743865
0.17428462
0.12206347
0.20143892
0.21229038
0.2003434
0.17244478
0.1620763
0.05442444
0.044570137
-0.032181714
0.14804034
-0.026732285
-0.034045402
0.093592696
-0.042905077
-0.04500466
0.032921158
0.10188416
0.31703717
0.14764959
0.19522896
0.3157573
0.053152945
-0.017721748
0.1793142
0.022256145
-0.054697588
-0.033662632
-0.09597781
-0.06468728
0.087725334
-0.012282259
-0.10978139
-0.07836455
0.028205406
-0.11427158
-0.038910024
-0.10021497
-0.1659042
-0.10580951
-0.2945782
0.07383753
-0.108241044
-0.22876771
0.23433338
0.20997034
-0.11944878
0.16693427
0.17348443
-0.09164692
0.06441107
0.3470315
-0.09108207
0.32336167
0.031215422
0.024175763
0.38057798
0.066993535
-0.1900315
-0.02291424
0.001688593
-0.32568344
0.09982039
-0.31361225
0.24215074
-0.08408882
-0.22646137
0.06895674
-0.05308492
-0.4162168
-0.046318155
0.2532089
-0.035684098
0.10685906
0.10824294
-0.17648637
-0.040279683
0.007602572
0.040701196
0.18164197
-0.25416726
0.103549205
0.115366876
-0.31557494
0.22584985
0.0837967
-0.20824839
-0.011708239
0.2724229
-0.2993351
0.18184026
0.11913687
-0.3101536
0.074022405
0.38134104
-0.30702505
-0.021616766
0.14890374
0.1731769
0.1476751
-0.16572154
0.22014499
0.22536683
-0.1948427
0.22609295
0.2757733
0.17426775
-0.17454793
-0.45803306
0.23928422
-0.13230392
-0.40298092
0.112104714
0.21085814
-0.21138424
0.14833194
0.24825527
0.18244565
0.02065872
-0.059062183
0.118087344
0.16526875
-0.49405393
-0.45146906
0.23127602
0.3096553
0.3089816
0.10016093
0.008442713
-0.038837314
-0.24566391
-0.10998179
-0.3219149
-0.255076
0.16196938
-0.0065609924
0.07310205
0.41074008
0.4903632
0.32816818
0.29981375
0.5657741
0.26696035
0.20545329
0.1449367
0.048159428
0.15673782
0.09719532
0.12122809
0.039675236
0.16639914
0.05855818
0.33350766
0.122385696
-0.20453775
0.2998017
0.20593262
-0.20228477
-0.16753544
-0.20883697
-0.0014662925
0.0411355
-0.005215631
0.17372943
0.15839364
-0.19632307
-0.10636173
0.33098695
0.23252495
0.22063042
-0.031411804
0.0035959706
0.069453284
-0.09526689
-0.09253214
-0.10828264
-0.057225578
-0.026282325
0.031305104
0.15394263
0.043956477
0.110778295
0.053130858
0.18473853
-0.051052447
0.31088182
0.037280403
0.043499134
0.0012299783
-0.06716811
-0.10655473
0.23959075
-0.20639795
-0.081270315
0.04955339
-0.2118667
0.11283242
0.10225275
0.033422034
0.059058394
0.43926704
0.2502941
0.08473771
0.13581567
-0.3388326
-0.382418
0.10918309
0.13622867
0.11118828
-0.09502376
-0.0306888
0.16382714
-0.13927187
0.14530838
0.16804191
0.005430176
0.13308614
0.0746366
-0.013132081
0.1001727
0.0066926586
0.123735905
0.18052736
0.15255925
0.16667569
0.033156835
-0.06011943
0.27150482
0.12551029
0.13129228
0.23451965
0.15560013
0.055771008
0.041030906
0.07405705
0.030268947
-0.003914221
0.00029298064
0.14702341
0.115646414
0.1660614
0.044146013
0.114223436
-0.00814089
-0.439513
0.1608519
-0.29999268
-0.4759256
0.186164
-0.16624062
-0.3660799
-0.3058901
0.14967841
0.36480272
-0.27981985
0.02872166
0.22680873
-0.28573167
0.03858641
-0.05659331
0.24876133
0.04415212
0.03900277
0.14892033
-0.04177181
0.20322858
-0.1602004
0.051819835
0.13690573
0.15776847
0.033449423
0.07909006
-0.15954208
0.020927016
0.12206732
-0.35857588
-0.12074334
0.12905723
-0.30716336
-0.18780197
-0.23963007
0.12716964
0.06414302
-0.016598584
0.33555478
0.33755141
-0.1120668
0.05811718
-0.117513455
0.03216241
-0.14943677
-0.12729254
-0.106638074
-0.0693732
-0.08164041
0.05324343
0.031864945
-0.09924531
0.032045748
0.2738704
0.071604535
0.15512666
-0.06435107
0.025614418
0.24074265
-0.049068645
0.045444265
0.2625177
-0.19754973
-0.38627303
-0.20906602
0.01039689
-0.31059515
-0.18704641
0.06036057
-0.092910476
-0.045988586
-0.08923511
0.0012908261
-0.061890442
0.08374996
-0.050028656
-0.10245289
-0.15928471
-0.037588306
0.08392978
-0.05707244
0.059776563
-0.033281464
0.12066072
0.075300224
-0.2007455
0.2797867
0.2364092
-0.018445818
0.30387935
0.388242
-0.2353592
0.076563396
0.22779255
-0.31265616
-0.14538407
-0.2633987
0.1338208
0.34168646
0.039077036
0.19554214
0.2857841
0.07765235
-0.26285762
0.06073589
-0.23253475
0.16997805
-0.11039773
-0.24396138
0.18484752
0.06373463
-0.23230642
0.12792316
0.16664904
-0.13692316
-0.039900422
0.03203865
-0.21535045
0.000668842
0.17532863
-0.07624339
0.08556884
-0.21470967
0.26529816
0.05087589
-0.32310155
0.29880187
0.057909995
-0.28393233
0.2512506
0.036897562
-0.29226705
0.24436393
0.3323151
-0.44536278
0.20759569
0.29116106
-0.30934367
0.061338175
0.21776909
0.2681066
0.4003044
0.011727236
0.2826397
0.45662278
-0.19592327
0.16412829
0.35501945
-0.16017441
0.04899913
-0.4194723
0.23138693
0.03500543
-0.30584323
0.247383
0.08529952
-0.16421616
0.07605629
0.26133174
-0.015619957
-0.12398179
0.09065404
0.11412716
0.09990974
-0.3203265
-0.097861275
0.24641682
0.1774448
0.041369557
0.037672125
0.0993785
-0.10768137
-0.2286396
0.18151912
-0.3651423
-0.24512845
-0.08208179
-0.065445155
-0.16500278
0.069657296
0.18640985
0.14066249
0.07193978
0.28140277
0.11255019
0.14488912
-0.07443256
-0.072541974
0.13147132
-0.05422969
0.108951464
0.17607656
-0.03512655
0.02407971
0.16542283
-0.15592815
-0.28709504
0.3219835
0.15885538
0.024596427
0.023339031
0.087918356
0.0921481
0.07630057
0.10635377
0.28729898
0.2250373
0.022310823
-0.041236404
0.04918783
0.088192105
-0.028466228
-0.084880434
-0.0012474186
0.011015193
-0.0077873766
-0.11043702
-0.08945004
0.08065445
0.050665192
-0.049593925
0.094789654
0.02583813
0.101046585
0.089277096
0.0071497587
-0.024082989
0.10280524
0.14584753
-0.084423885
0.12258995
0.0093785515
-0.10925048
0.13005285
-0.02358814
-0.27838072
0.036597215
-0.11860724
-0.28650054
-0.4378879
-0.15443629
0.09256138
0.14203934
0.08979492
0.037100308
0.34619072
0.03277006
-0.047897737
0.09352617
0.015232269
0.18099377
0.13046782
0.0023323223
0.25155848
-0.252798
-0.011637596
0.18151665
0.06654079
-0.020012038
-0.0815213
-0.073766164
-0.050978657
0.20950992
-0.13424611
0.024899537
0.10916332
-0.12887558
0.09204165
-0.011696273
0.011144083
0.105501786
-0.065243825
-0.030290643
0.23137675
-0.06172459
-0.009146097
0.23607758
0.13683744
-0.13062656
0.045175813
0.028642995
-0.22859243
0.043002296
0.021644108
0.37738064
0.3859689
-0.031029712
0.14052768
0.15197465
-0.35958263
0.07590046
-0.07393193
-0.5067333
-0.042719547
0.01945577
0.3898573
-0.2730991
-0.02366704
0.34515142
-0.3148309
-0.07760863
0.14534488
0.12002798
-0.33860067
-0.22446525
0.32252902
0.14086692
0.024279889
0.058672342
0.15586098
0.15264899
0.19112436
0.008951745
0.043648448
0.1070805
0.045406345
0.070090115
-0.12119969
-0.11732576
0.031166097
-0.29500136
-0.36931145
-0.27724478
-0.20084916
-0.26061556
-0.34096488
0.16259398
0.1246273
-0.1526019
-0.04396748
-0.17623718
0.07618892
-0.10631022
-0.005815367
0.12705076
0.052471574
0.042704616
0.07236104
-0.30315238
-0.2819791
-0.3016919
0.15555264
-0.13799295
-0.17026986
0.29995063
0.14156105
0.17817208
0.38317552
0.37912285
0.3039194
0.10547993
-0.0008561046
0.17410494
0.020991502
-0.37442544
-0.40691382
0.08026176
0.009434596
-0.010854258
-0.10576107
0.08141567
0.06808199
-0.03161644
0.007374125
-0.050453678
0.20021364
0.18629749
0.12597035
0.26088172
0.10166736
0.065770745
0.14936413
-0.042399023
0.12865418
-0.06932694
-0.28445318
-0.07677248
-0.07024178
-0.27380943
0.09647353
-0.14167719
-0.23969182
0.27141282
0.098799855
0.15633091
0.075144105
0.3659173
0.10517911
-0.09780324
0.011564521
-0.3130877
-0.23178858
-0.023265002
0.26226538
0.12369398
-0.016284162
0.062335823
0.043656506
-0.13349596
0.050462257
0.089515194
0.0013784126
-0.019580845
-0.082191415
-0.028302314
0.12552868
0.018345589
0.09842518
0.13826174
0.087773286
0.16057734
0.023767179
-0.07302392
0.29620576
0.11004213
-0.055989403
0.19937012
0.11691472
-0.025105713
0.19998288
0.010115677
-0.36492816
0.1693442
0.07597707
-0.40566418
0.04550172
0.1550636
-0.3207534
0.19966888
-0.15231213
-0.53127074
0.03679105
-0.5237428
-0.43801233
-0.0932969
-0.21752779
-0.33125842
-0.13207477
0.38415262
0.27855772
-0.05091097
0.14822777
0.1317899
-0.22130413
0.051198922
0.046254303
-0.046959825
0.042186692
0.15712754
-0.026794717
0.15792103
0.22145699
-0.12963377
0.060421195
0.066211104
-0.045679584
0.12567241
0.21906091
-0.15893306
0.066124626
0.3222658
-0.38631842
0.08555934
0.28727347
-0.28770918
-0.20150161
0.0082491385
0.106181845
-0.13791442
0.11288537
0.20301953
0.07917038
0.07783539
-0.11623278
-0.021722669
0.060211267
0.032050956
-0.06871328
-0.028158987
-0.048720844
-0.13705023
0.04131653
0.04736657
0.08123459
0.10676194
0.1737196
0.10916152
0.13059174
-0.084283486
-0.045043334
-0.028835695
0.057589237
0.089712776
-0.04481051
-0.143942
-0.19448525
-0.3343968
-0.23470697
-0.31479287
-0.12533142
-0.02326342
-0.06591043
-0.102280065
0.09353067
-0.12095705
0.01089751
-0.09771067
-0.01250691
-0.04943522
