60
0.0054498403
-0.04828092
0.052962832
0.013550989
-0.016583107
0.08191562
-0.0019852184
0.081995316
0.047980104
-0.046202965
0.011702596
0.010212175
-0.04511454
0.096098475
-0.03748919
0.11345998
-0.007434561
0.09970432
0.025829723
-0.028778864
-0.040835653
0.09518812
-0.0015271839
-0.0014632344
0.014711614
-0.04616955
0.05601771
0.08853408
0.059572335
-0.029821852
0.013295772
-0.020746512
-0.021022791
-0.05466136
-0.097973146
0.028457107
-0.002617225
-0.08280981
-0.075661324
-0.01865543
-0.011509583
-0.046729848
0.0062831617
-0.05561378
0.04288235
-0.042005982
0.02089094
0.13576014
0.068466224
5.2186046e-05
-0.024072716
0.057916168
-0.08521859
0.09504128
-0.07667578
-0.045762032
-0.013224341
-0.13320471
0.14121205
0.03168179
