11
60
-0.04904925
-0.08712347
0.062355615
0.09368083
0.032885157
-0.05966835
0.0067702164
0.11305548
-0.44877717
0.011872707
-0.020522134
0.12131268
0.08242343
-0.11264295
0.05603367
0.08255755
-0.22355787
-0.077176064
0.11446634
-0.2399333
0.026363982
-0.063123964
-0.10440792
0.04792121
-0.09605363
0.092789225
0.10823929
0.26660958
-0.3907617
0.11121595
-0.11057206
0.05183736
0.20410493
-0.08242209
0.1686537
0.14715442
-0.0022331006
-0.22093427
-0.08860186
-0.4215706
-0.1006068
0.039687924
0.10700482
-0.07694575
0.15404302
0.08609662
0.120907485
0.13050856
0.26663646
0.19952556
0.09827464
-0.1496493
-0.08024266
0.17307405
-0.13446169
-0.06546828
-0.11334157
-0.15525244
0.09508519
0.07817532
-0.1302286
-0.16859107
0.113209605
0.09114698
0.04029276
0.0632448
-0.1688784
-0.04267829
0.10942424
-0.20973316
0.10150721
-0.19097532
0.16320644
0.17795238
-0.13104059
0.031033436
-0.09395895
-0.00955063
0.0032007361
0.12452588
0.1301587
0.2523941
-0.05990324
0.099624254
-0.07228557
0.03866164
-0.20371722
0.302639
0.05329094
-0.11408247
-0.070293315
0.06295894
-0.33007196
-0.06718739
-0.14379592
0.16271242
-0.030035932
-0.19552332
-0.25351137
0.02271086
0.057921242
0.026393974
-0.18758157
-0.094777614
-0.033178546
-0.07767746
-0.3350886
-0.1026641
-0.10242497
-0.19262719
0.09417209
-0.0047793
-0.12146308
0.10126021
-0.007992112
-0.107200935
-0.04958751
0.17263645
0.21360369
0.051855687
0.019211903
0.18277046
-0.25949007
0.043248422
-0.081994966
-0.11514864
0.010341091
-0.02410748
-0.39881137
0.1684511
0.18907742
0.036552384
0.06245589
0.3430077
-0.0073149838
0.17603236
-0.25343376
-0.059324853
-0.009060487
-0.05376677
-0.012581274
-0.036206067
-0.066845484
0.16773328
-0.035353553
-0.05211594
-0.109416805
-0.19286895
0.25597152
-0.050977383
-0.041609704
-0.09932645
0.066116266
-0.11801119
0.23579021
-0.035976075
0.031553727
-0.03508502
-0.090046465
-0.06732749
0.12777007
0.029281914
0.11608812
-0.05338911
-0.1870393
-0.12794137
0.039275862
-0.12959474
-0.3518462
0.1345495
-0.00069674646
-0.10748531
0.1793783
-0.3155487
0.17473134
-0.09094637
-0.04353529
-0.07921735
-0.18926771
0.021006415
-0.021575367
0.107694335
-0.09683112
-0.008931874
0.105076194
0.15963879
0.18446495
0.05689779
0.23687376
0.25354603
-0.0067128437
-0.15288337
0.19711153
0.07150719
0.0682761
-0.051785726
0.20349915
0.1984495
-0.027646499
-0.09372211
-0.06991926
0.13643964
0.087139405
-0.10652445
0.038250387
-0.09203935
-0.09114403
-0.3792858
-0.031803485
-0.06942536
-0.08126692
-0.05994207
0.035876818
0.087781824
0.09333124
-0.03363091
-0.12816249
-0.050437167
0.040655285
0.18234843
-0.0023704236
0.11530084
0.031069713
-0.0101452395
-0.23842877
0.10377767
0.23142193
-0.33437347
0.076709695
-0.14090042
0.116839655
-0.26346508
-0.21865728
-0.0030065689
0.1409504
0.028480887
0.024568535
-0.12076617
-0.11255857
-0.111109465
0.19938643
-0.13675699
-0.093027
0.019619923
0.041090086
0.12638438
0.06015344
-0.21270734
0.17109957
-0.13830762
-0.18494593
0.013264259
-0.15807417
-0.20677474
-0.06402082
0.05326607
-0.09196166
0.009773425
0.03913228
-0.12978026
-0.0994345
0.18918736
0.0018996567
-0.19430839
0.017869812
-0.11252563
-0.098831125
0.28395945
0.0021522313
-0.018374275
-0.12049002
-0.06565933
0.044741977
-0.04517995
0.30831584
0.18170199
-0.06709838
0.16889064
0.23547709
0.19665086
-0.029452154
-0.06933318
0.10163574
-0.051123586
0.13167807
0.10399877
-0.21365073
-0.078825206
-0.009040494
0.17671348
0.08664129
-0.17116457
0.18670294
0.04658834
0.06856313
-0.035624266
-0.012513125
0.030120933
-0.10566423
0.12144352
-0.43294802
-0.37384036
0.108726405
-0.12878406
-0.11619213
0.02851996
0.10653739
0.17239086
-0.03207184
0.0349953
0.2252073
-0.06926619
-0.29782945
-0.3288468
0.009009131
-0.1412977
-0.08302831
0.09959434
-0.049512524
0.039953064
-0.0834688
0.02547139
0.006925298
-0.003096219
0.039483022
-0.038368598
0.19980435
-0.25451607
-0.08606923
0.05200533
0.059634328
-0.022761246
0.18261549
0.013803245
-0.2388829
0.035608724
0.09228521
-0.13213506
-0.0052595874
0.19787546
0.06370327
-0.097996965
-0.065227196
-0.099636674
-0.08151314
0.08764999
0.01096034
0.04885747
-0.03007501
-0.052448705
0.06796841
0.069384106
-0.08367876
-0.067917585
-0.06259642
-0.037224416
-0.006898467
-0.46671486
0.043604553
0.064825036
0.4138622
0.15955675
0.06990436
0.005712501
0.098131366
0.04076574
-0.21821049
0.20245215
-0.53788054
0.07623145
-0.48667064
-0.1493961
-0.20674993
0.18459243
0.01568121
0.20695193
0.009488154
0.1727391
-0.06438388
-0.22863936
0.13688184
-0.27537253
-0.058755763
0.008702355
0.019509481
-0.037494686
0.27317205
-0.011193049
0.15639082
-0.059813958
-0.08916047
0.029867664
-0.11414832
-0.026162338
0.012847093
-0.22681151
0.020948688
0.23840219
-0.51416177
0.041368853
0.095867075
-0.03293992
0.18835992
-0.0036210378
-0.08326944
-0.116821274
-0.3183266
0.23263878
0.038992513
-0.30733675
-0.053292826
-0.16378361
-0.26509356
0.090353005
0.16912937
0.1121641
0.0071566952
0.16972706
-0.24185972
-0.08690166
0.16511402
0.042794418
-0.17413126
0.07181662
0.008478638
0.102172635
0.10674423
0.16611496
-0.46741655
-0.13868584
-0.034716826
-0.16080455
-0.47871622
0.27522424
0.09940963
-0.1295685
0.21273097
0.17422014
-0.027464656
-0.014470318
-0.026557783
-0.21307875
0.103103176
0.2370129
-0.06498245
0.010022841
-0.041905593
0.050032828
0.124946155
0.06652823
0.09674222
-0.08416423
-0.035943966
0.030190809
-0.41252294
0.10191878
-0.1283537
0.0677788
0.03315416
-0.06893351
-0.03675856
0.081999615
0.14603083
-0.07620176
0.27655512
0.074924305
-0.11230057
-0.1426518
0.09972527
0.09841311
0.074452974
0.22067429
-0.078220844
-0.24016175
0.15226471
-0.110172905
-0.08015526
0.054394044
-0.20079891
0.101888515
-0.054767393
0.13303922
0.08214535
-0.10827711
-0.10925098
0.10539295
-0.057437673
-0.07835039
0.13366021
-0.12189709
0.044549547
0.17408419
0.11694962
0.03186823
0.037065383
0.11244365
0.10352785
-0.05655899
-0.06846468
0.028851913
0.07706581
0.19295733
0.10049558
-0.09179477
-0.00584359
0.100300364
0.094364055
-0.12877986
0.26469636
-0.028213259
-0.017128443
0.03780194
-0.15579048
-0.065936744
-0.13647453
-0.13501102
-0.05328008
0.04144884
-0.11572678
-0.019409653
-0.12308901
0.001549357
0.060888402
0.021689003
-0.37391126
0.04543136
0.22411862
0.20009594
-0.0007315868
0.22179154
-0.006140263
0.21302538
-0.096229464
-0.060415074
-0.14351603
0.09822694
0.025048621
-0.023618925
0.14653929
-0.063665256
-0.10153893
-0.0007186279
0.07237322
0.054308403
-0.069370076
-0.09960564
0.034238685
-0.35493672
0.11485122
0.11981694
0.06800207
0.09255729
0.24926233
0.16333328
-0.02393724
0.112899534
0.099113494
-0.12300693
-0.0021867095
0.11624245
-0.094819374
-0.03017434
0.12057253
-0.43305224
-0.031395994
0.10264019
-0.050206795
-0.024317082
-0.02489878
0.116720885
-0.026653059
-0.13632503
-0.06530157
0.0679718
0.21418105
0.014458139
0.0706341
0.28416944
0.13883407
-0.1347337
-0.07152421
0.1160836
-0.31334674
-0.13264847
0.0076287067
-0.0013239972
0.018983575
0.022147536
-0.05882356
-0.050216623
-0.00021447305
-0.06438883
0.07557974
0.020919459
0.014676628
0.06451204
0.11508591
0.04232714
-0.07402745
0.11011196
0.24475417
0.2739048
0.21023573
-0.03978008
0.09190608
0.12502714
-0.3123893
-0.016089797
0.29466844
0.05319635
-0.031462125
0.11740372
0.13053483
-0.27931648
-0.089328445
-0.22464794
0.12963036
-0.4344353
0.061141837
0.041489758
0.054595284
0.065447584
-0.10890754
0.20172155
-0.06267952
-0.004730352
-0.19026498
0.12702261
-0.18907778
0.12190792
0.11127303
-0.08106588
-0.004850156
-0.06059632
0.12914212
-0.16896053
-0.037498396
0.14766443
0.063350536
0.13189861
-0.023232743
-0.09185188
-0.107818164
0.049048517
-0.045393035
-0.10639073
0.2794386
0.0515948
-0.04808365
0.028834578
-0.014178879
-0.037963998
0.07866927
0.10951585
-0.15795408
-0.0002442534
0.0075956667
0.34668988
-0.27499598
0.03640529
